384
-34.17 -51.78
93.86 -29.42
36.80 75.32
-44.75 39.84
-85.45 2.71
-86.06 -39.42
-27.87 72.70
-34.70 -11.68
-81.94 -73.76
-49.59 68.70
37.94 -58.88
31.89 -14.84
3.92 -18.75
-97.08 -54.20
-86.87 -71.62
52.40 29.32
-64.63 30.62
36.67 -66.25
-34.04 99.05
-95.30 -57.81
22.95 -42.13
86.23 -65.26
-71.87 -73.13
74.46 40.40
-21.57 -26.70
-19.35 30.99
66.80 27.03
48.06 -90.86
45.50 41.92
6.75 23.48
76.74 3.01
-51.97 36.80
-63.43 -57.53
-66.88 -99.66
-35.13 -81.25
-40.63 -29.94
55.14 -66.04
15.95 65.84
-83.38 -95.00
-55.51 6.07
83.92 -19.34
-13.27 79.97
-5.90 27.34
33.35 11.76
-42.81 23.75
-89.89 -26.91
-72.56 -72.74
-91.75 32.00
90.77 -46.98
-29.14 41.53
-89.06 67.44
34.91 39.41
53.84 48.69
16.87 -72.77
20.11 -56.02
61.25 -58.17
48.14 -4.86
54.83 72.06
-29.67 -93.26
-78.82 -10.04
-79.38 -54.00
88.05 76.69
21.08 3.27
55.65 51.17
-96.75 -30.79
22.00 -48.19
-28.21 88.90
12.56 -6.76
-9.84 7.12
1.77 34.04
27.73 -16.00
99.28 -25.17
-25.92 75.56
-73.21 -16.52
-13.97 -4.22
-95.67 6.03
98.13 59.37
94.22 13.52
76.91 -65.09
-74.99 -98.57
46.98 22.03
61.39 -96.38
74.59 -54.97
-77.99 -0.39
-26.48 21.28
-56.28 26.50
63.16 86.38
-35.55 -98.01
-89.83 -5.24
57.50 61.57
-11.02 -0.13
-81.75 42.05
2.87 -75.33
-21.05 0.34
68.40 -86.37
93.57 -25.24
-65.09 -39.22
33.93 32.46
-45.78 -99.92
67.25 81.97
47.92 22.21
5.30 -42.42
-39.16 -79.37
30.05 99.45
64.64 93.22
64.72 -11.38
4.71 -31.45
17.24 10.40
17.46 -87.97
-33.39 64.57
-1.35 53.46
-72.32 38.22
-12.88 -61.56
-49.60 -80.09
-32.58 18.73
63.69 24.03
47.73 47.77
-19.50 -37.03
96.45 -33.37
-45.72 0.29
28.45 -93.34
29.23 47.11
64.49 25.69
89.04 2.40
-6.72 83.55
-24.55 -82.23
71.21 59.01
78.93 -68.99
-87.72 -11.51
-40.14 50.29
16.68 -6.01
46.48 65.98
-72.18 -87.60
57.88 -86.98
31.77 15.74
31.56 69.17
53.02 54.50
-66.66 -34.76
4.93 -51.82
-76.41 -65.75
-17.19 96.20
-8.68 14.02
85.86 83.43
-9.22 34.57
6.77 -50.43
-16.36 63.68
-98.55 37.96
21.62 81.17
-63.31 -2.72
46.35 74.47
44.05 -59.32
-65.35 6.24
-48.73 -98.34
10.17 11.56
71.27 -97.92
38.51 -49.95
-49.56 -59.78
50.85 56.51
-99.31 -59.15
-38.65 61.36
-31.37 90.06
63.05 74.49
73.10 -64.10
-57.93 -28.73
75.81 92.84
98.85 -38.27
-66.63 19.75
50.19 94.54
39.02 95.87
27.81 71.09
47.53 -20.11
-53.85 -52.89
-78.12 72.17
-99.02 -4.14
12.13 -76.11
59.23 -65.25
-67.51 7.96
-21.61 -59.44
70.46 38.93
2.02 50.74
86.19 -2.34
-49.28 -55.09
26.59 19.48
-56.25 72.69
-56.89 -4.26
44.48 1.24
-62.56 -85.60
-95.51 -32.38
41.49 -25.61
39.72 -25.31
66.86 9.21
9.23 -65.49
-14.98 -16.14
-91.40 53.24
43.12 57.61
-65.05 -72.93
-1.88 -88.67
-56.35 17.83
97.93 6.49
13.30 77.94
-8.41 90.12
-71.13 80.08
-49.89 70.77
20.60 -89.29
-70.51 -97.98
-79.51 -72.33
-29.12 -4.22
44.63 -76.12
-54.31 89.24
-31.45 -50.62
94.68 74.49
-56.05 17.31
-6.10 -66.61
76.70 46.79
88.05 -24.70
48.58 -23.30
42.91 -61.08
37.36 49.95
27.65 1.76
-89.18 -9.68
9.90 -15.18
-31.50 76.15
35.22 43.50
-50.90 -76.29
85.89 -77.94
-53.67 56.12
17.42 4.00
-93.98 -58.45
-47.90 86.74
99.83 -93.40
-95.08 91.01
52.56 -48.23
-85.92 -94.53
-65.15 -2.77
4.28 -63.28
48.38 -55.48
42.20 85.77
-14.09 -53.70
68.92 14.81
95.28 53.89
80.50 -36.09
29.68 -15.37
-7.73 85.49
-13.82 38.19
23.76 -65.90
90.46 13.51
76.04 5.61
17.26 -70.25
-89.93 -59.19
79.06 -75.20
61.29 90.20
88.26 44.82
-43.78 -88.71
-31.23 -33.71
89.01 -98.80
-59.50 67.50
31.09 -26.86
6.63 -71.77
44.98 55.12
-64.11 41.92
55.02 -93.23
83.41 -62.97
88.65 69.25
-83.76 -54.61
66.15 2.05
-58.22 -34.71
-98.48 24.64
16.21 -5.91
95.47 67.81
87.19 75.07
32.58 -1.98
-1.60 -43.04
-94.64 20.42
-42.51 58.15
-43.58 29.30
5.90 -63.67
-93.11 -87.29
-28.39 12.39
90.14 68.91
-44.07 -21.33
-74.89 90.20
68.33 -78.44
-46.38 35.81
-9.84 -95.26
-49.74 43.14
63.59 38.34
91.14 87.08
-7.11 -93.66
-32.96 -70.51
-27.78 31.84
-89.42 77.94
69.39 -60.70
-22.60 -0.62
-47.44 -73.60
11.45 91.86
-34.84 -77.24
44.50 -1.78
49.09 40.10
-39.33 -54.40
-31.69 77.86
49.50 76.04
32.62 11.75
62.15 57.56
92.20 47.40
-55.68 95.44
10.44 -70.85
11.10 12.25
97.72 -87.21
29.74 -23.83
41.58 64.11
-77.39 -35.70
50.64 -95.78
53.26 -7.54
75.01 10.90
-68.01 47.47
-65.71 17.03
53.04 -7.61
-38.29 -59.03
4.38 -41.13
-53.11 -1.48
96.13 36.93
-91.32 64.62
-93.70 -79.25
-51.34 -66.22
71.51 69.17
37.31 66.14
81.49 72.15
78.22 -56.30
22.78 97.52
41.65 -87.16
3.52 -64.69
-63.69 -4.81
28.80 22.37
-90.56 -55.98
72.40 83.78
-44.52 -33.71
-37.28 -50.87
-63.86 47.75
-72.58 50.40
-88.26 -23.05
-96.36 94.38
-23.33 43.57
92.25 30.50
49.35 -2.31
-42.89 -19.45
28.03 83.47
-74.88 14.16
65.43 -70.26
-39.69 47.48
-58.48 94.63
70.24 75.09
37.68 -42.54
-67.13 -19.54
40.53 -62.68
-10.94 -24.87
-43.17 50.38
-48.85 58.20
-29.50 53.92
40.73 -50.61
-79.28 48.52
-31.62 -56.01
7.12 -9.38
-79.17 59.25
-90.89 -15.73
91.74 -73.64
6.84 86.37
23.45 -16.76
55.18 -97.14
-61.75 33.50
-95.85 73.88
-56.61 92.78
-73.25 41.52
-69.25 -73.38
-35.98 87.19
-37.77 76.04
63.67 75.95
57.53 -8.28
25.43 96.45
77.56 84.71
-52.29 -1.59
77.13 8.10
-84.61 95.15
36.15 66.58
-92.09 82.37